100
849
849
849
410
9997
8
4427
8416
2180
781
9504
22
888
9724
38
154
9222
54
4074
9593
1819
612
9991
10
5548
9147
9659
9
9897
4
910
9619
72
633
9567
40
439
9312
5
2163
2351
94
5
9924
3
1054
3754
4415
688
9843
20
602
9661
16
723
9555
4
2372
5565
21
3340
3444
5637
517
9760
8
4854
7713
6424
844
5241
5879
45
360
26
187
9734
56
838
9299
61
961
9423
16
3313
7875
4167
24
9959
1
6477
8373
79
2833
5743
1517
305
9288
5
357
9630
59
6
9183
84
8
224
57
3418
5107
7422
17
9988
9
5512
9511
8
7003
8752
4654
203
686
8828
947
9728
33
32
9959
2
1896
5350
3781
8
9933
10
430
9684
8
4465
4465
4465
1919
7267
9563
34
9970
5
373
9269
68
553
9127
71
25
9990
6
871
9529
49
1509
9880
52
684
5506
2379
451
9637
14
692
9995
5
6639
8596
9402
229
9451
1
609
9581
68
387
9405
10
341
450
20
5840
7296
16
2220
2606
4970
645
9734
40
2109
9995
68
799
9466
97
820
1935
567
4058
7718
5937
5012
6759
9074
153
6784
51
4170
8149
97
117
9292
40
7644
8236
7488
212
9728
98
315
471
75
1018
1018
1018
2
9917
8
235
9151
6
113
9709
21
700
9683
49
63
453
65
3982
5166
7969
265
345
69
1164
7914
3509
26
9992
7
994
7771
8051
702
9047
11
148
298
12
7514
7691
2439
241
2493
1540
452
9844
68
51
9754
41
549
9331
79
505
9081
92
231
322
17
652
4180
3884
3027
3032
9114
6064
7763
6191
2605
5718
9691
